image: z164_2.pgm
resolution: 0.016666
origin: [-6.3, -6.3, 0.000000]
negate: 0
occupied_thresh: 0.65
free_thresh: 0.196

