image: z164_5_2.pgm
resolution: 0.016666
origin: [-5.099, -5.099, 0.000000]
negate: 0
occupied_thresh: 0.65
free_thresh: 0.196

